45.42
76.18
68.80
95.74
86.43
62.05
94.83
78.38
97.94
42.51
99.99
86.25
76.47
97.80
67.52
90.21
52.48
63.12
97.98
50.30
49.19
89.10
59.19
89.81
59.06
56.47
57.55
99.00
65.30
47.18
76.77
95.94
88.11
96.37
96.68
97.71
83.68
77.34
58.44
93.44
83.02
58.12
84.39
70.26
93.72
53.34
75.95
54.13
77.10
50.03
79.56
53.27
46.02
68.92
48.13
43.92
99.70
44.12
50.77
98.88
92.22
45.97
91.60
55.06
83.24
43.31
95.24
83.78
47.29
98.00
54.48
61.42
94.19
56.80
77.05
79.78
58.20
69.50
77.48
77.24
50.66
95.82
40.60
75.10
95.71
57.37
45.67
88.74
88.74
68.26
57.43
97.39
69.29
63.02
74.42
83.40
99.00
73.69
93.02
67.98
42.00
44.00
81.61
44.66
86.29
73.71
96.89
71.08
41.70
75.92
79.32
79.79
75.07
91.28
93.90
68.57
76.00
97.00
81.40
81.85
70.73
61.88
59.40
80.21
52.40
91.20
42.69
57.65
87.39
62.09
98.69
70.59
68.56
47.72
89.82
76.11
52.00
59.02
60.70
61.37
51.10
82.05
47.90
94.27
63.57
87.18
88.49
71.11
49.61
58.83
70.72
91.75
50.56
54.48
72.25
60.37
97.41
96.95
66.34
91.83
89.93
67.73
62.45
85.33
84.68
82.74
40.97
65.51
56.83
82.29
93.02
59.90
88.16
79.20
97.65
42.14
94.27
76.97
98.02
74.65
83.00
67.09
91.47
45.76
93.82
86.98
43.31
98.18
44.77
67.51
95.23
74.53
71.28
97.38
50.88
65.68
60.94
45.16
74.49
80.80